1.000000000000000000e+00
1.011500000000000066e+00
1.023000000000000131e+00
1.034400000000000208e+00
1.045800000000000285e+00
1.057200000000000362e+00
1.068600000000000438e+00
1.080000000000000515e+00
1.091300000000000603e+00
1.102600000000000691e+00
1.113900000000000778e+00
1.125200000000000866e+00
1.136500000000000954e+00
1.147800000000001042e+00
1.159100000000001129e+00
1.170400000000001217e+00
1.181700000000001305e+00
1.193000000000001393e+00
1.204300000000001480e+00
1.215600000000001568e+00
1.789500000000002089e+00
1.491250000000001741e+00
1.491250000000001741e+00
1.491250000000001741e+00
1.491250000000001741e+00
1.491250000000001741e+00
1.491250000000001741e+00
1.491250000000001741e+00
1.491250000000001741e+00
1.491250000000001741e+00
1.491250000000001741e+00
1.491250000000001741e+00
1.491250000000001741e+00
1.491250000000001741e+00
1.491250000000001741e+00
1.491250000000001741e+00
2.236875000000002611e+00
1.864062500000002176e+00
1.864062500000002176e+00
1.864062500000002176e+00
1.864062500000002176e+00
1.864062500000002176e+00
1.864062500000002176e+00
1.864062500000002176e+00
1.864062500000002176e+00
1.864062500000002176e+00
1.864062500000002176e+00
1.864062500000002176e+00
1.864062500000002176e+00
1.864062500000002176e+00
1.864062500000002176e+00
1.864062500000002176e+00
1.864062500000002176e+00
1.864062500000002176e+00
1.864062500000002176e+00
1.864062500000002176e+00
1.864062500000002176e+00
1.864062500000002176e+00
1.864062500000002176e+00
1.864062500000002176e+00
1.864062500000002176e+00
1.864062500000002176e+00
1.864062500000002176e+00
1.864062500000002176e+00
1.864062500000002176e+00
1.864062500000002176e+00
2.796093750000003375e+00
2.330078125000002665e+00
2.330078125000002665e+00
2.330078125000002665e+00
2.330078125000002665e+00
2.330078125000002665e+00
2.330078125000002665e+00
2.330078125000002665e+00
2.330078125000002665e+00
2.330078125000002665e+00
2.330078125000002665e+00
2.330078125000002665e+00
2.330078125000002665e+00
2.330078125000002665e+00
2.330078125000002665e+00
2.330078125000002665e+00
2.330078125000002665e+00
2.330078125000002665e+00
3.495117187500003997e+00
2.912597656250003553e+00
2.912597656250003553e+00
2.912597656250003553e+00
2.912597656250003553e+00
2.912597656250003553e+00
2.912597656250003553e+00
4.368896484375005329e+00
3.640747070312504441e+00
3.640747070312504441e+00
3.640747070312504441e+00
3.640747070312504441e+00
3.640747070312504441e+00
3.640747070312504441e+00
5.461120605468757105e+00
4.550933837890630329e+00
4.550933837890630329e+00
4.550933837890630329e+00
4.550933837890630329e+00
4.550933837890630329e+00
4.550933837890630329e+00
4.550933837890630329e+00
4.550933837890630329e+00
4.550933837890630329e+00
4.550933837890630329e+00
4.550933837890630329e+00
4.550933837890630329e+00
6.826400756835945494e+00
6.826400756835945494e+00
6.826400756835945494e+00
6.826400756835945494e+00
6.826400756835945494e+00
6.826400756835945494e+00
1.023960113525391868e+01
1.023960113525391868e+01
1.023960113525391868e+01
1.023960113525391868e+01
1.023960113525391868e+01
1.023960113525391868e+01
1.535940170288087714e+01
1.535940170288087714e+01
1.535940170288087714e+01
1.535940170288087714e+01
1.535940170288087714e+01
1.535940170288087714e+01
2.303910255432131748e+01
2.303910255432131748e+01
2.303910255432131748e+01
2.303910255432131748e+01
2.303910255432131748e+01
2.303910255432131748e+01
2.303910255432131748e+01
2.303910255432131748e+01
2.303910255432131748e+01
3.455865383148197623e+01
3.455865383148197623e+01
3.455865383148197623e+01
3.455865383148197623e+01
3.455865383148197623e+01
3.455865383148197623e+01
3.455865383148197623e+01
3.455865383148197623e+01
3.455865383148197623e+01
3.455865383148197623e+01
3.455865383148197623e+01
3.455865383148197623e+01
3.455865383148197623e+01
3.455865383148197623e+01
3.455865383148197623e+01
3.455865383148197623e+01
3.455865383148197623e+01
3.455865383148197623e+01
3.455865383148197623e+01
3.455865383148197623e+01
3.455865383148197623e+01
5.183798074722296434e+01
5.183798074722296434e+01
5.183798074722296434e+01
5.183798074722296434e+01
5.183798074722296434e+01
5.183798074722296434e+01
5.183798074722296434e+01
5.183798074722296434e+01
