0.000000000000000000e+00
0.000000000000000000e+00
0.000000000000000000e+00
0.000000000000000000e+00
0.000000000000000000e+00
4.207816638202024895e-02
4.796910967550307991e-02
4.965223633078388876e-02
5.014727358233707355e-02
5.173139278730724822e-02
5.386005296898591782e-02
5.747382490532412791e-02
6.153313036806019876e-02
6.178064899383678421e-02
6.039454468948788485e-02
5.920645528576025385e-02
6.039454468948788485e-02
6.034504096433256776e-02
6.004801861340065827e-02
6.084007821588574561e-02
8.173065023142991881e-02
6.767159228731961518e-02
6.876067424073661893e-02
6.772109601247493227e-02
6.786960718794089742e-02
6.786960718794089742e-02
6.821613326402811706e-02
6.846365188980470251e-02
6.881017796589193602e-02
6.895868914135788730e-02
6.881017796589193602e-02
6.742407366154302972e-02
6.782010346278558033e-02
6.767159228731961518e-02
6.786960718794089742e-02
6.717655503576644427e-02
1.219771787827033938e-01
8.613648177025320929e-02
9.049280958392119656e-02
8.682953392242766244e-02
8.702754882304893080e-02
8.702754882304893080e-02
8.712655627335956499e-02
8.697804509789361371e-02
8.663151902180639408e-02
8.628499294571916056e-02
8.569094824385535547e-02
8.514640726714685359e-02
8.489888864137026814e-02
8.460186629043835171e-02
8.450285884012771753e-02
8.366129551248731311e-02
8.425534021435113208e-02
8.415633276404049790e-02
8.390881413826389856e-02
8.371079923764263020e-02
8.361179178733199602e-02
8.321576198608945929e-02
8.281973218484690868e-02
8.281973218484690868e-02
8.247320610875968905e-02
8.217618375782777262e-02
8.222568748298308972e-02
8.227519120813840681e-02
8.222568748298308972e-02
8.222568748298308972e-02
1.807876042672210970e-01
1.262344991460607468e-01
1.328679983168733481e-01
1.274225885497883848e-01
1.279176258013415557e-01
1.274225885497883848e-01
1.274225885497883848e-01
1.269275512982351861e-01
1.265315214969926494e-01
1.257889656196628791e-01
1.255909507190416108e-01
1.253434320932650115e-01
1.255414469938862798e-01
1.254424395435756456e-01
1.252444246429543773e-01
1.249474022920224747e-01
1.247988911165565235e-01
1.248483948417118405e-01
2.875176357020866047e-01
1.925694908541867867e-01
2.044008811663077518e-01
1.944011286849335329e-01
1.945991435855548013e-01
1.944506324100888639e-01
1.953912031880399025e-01
4.507314175391698430e-01
3.164773149179475609e-01
3.318234697160961089e-01
3.170713596198113660e-01
3.178139154971411640e-01
3.188534937254028367e-01
3.187544862750921748e-01
6.052820474740724377e-01
4.826118165391945491e-01
5.103339026261726197e-01
4.861265810252221597e-01
4.848889878963392186e-01
4.833543724165243471e-01
4.839484171183881522e-01
4.822157867379520124e-01
4.819187643870201376e-01
4.814237271354669390e-01
4.807801787084478029e-01
4.830573500655924168e-01
4.828098314398158730e-01
7.040914828840870721e-01
7.109229969555208584e-01
7.033489270067572185e-01
7.049330462117274765e-01
7.060221281651444247e-01
7.076062473701145716e-01
7.897824311279423304e-01
7.916635726838444631e-01
7.925546397366401985e-01
7.909210168065147206e-01
7.906734981807380658e-01
7.892378901512339118e-01
8.427514170441325891e-01
8.417613425410261918e-01
8.405237494121432507e-01
8.404247419618325887e-01
8.398802009851241701e-01
8.407712680379199055e-01
8.695329323531595378e-01
8.722556372367020749e-01
8.708200292071978099e-01
8.714635776342170015e-01
8.715130813593723325e-01
8.725526595876339497e-01
8.721566297863914130e-01
8.725526595876339497e-01
8.737902527165168909e-01
9.083933566000841342e-01
9.090864087522586567e-01
9.090369050271033258e-01
9.086408752258607890e-01
9.084428603252394652e-01
9.075517932724437298e-01
9.062151926932501267e-01
9.059676740674735829e-01
9.057201554416970390e-01
9.057201554416970390e-01
9.053241256404543913e-01
9.053241256404543913e-01
9.051756144649885094e-01
9.049775995643671855e-01
9.049775995643671855e-01
9.047795846637459727e-01
9.045815697631246488e-01
9.046805772134353107e-01
9.046310734882799798e-01
9.048290883889013037e-01
9.046805772134353107e-01
9.289869062646963771e-01
9.290364099898517081e-01
9.290364099898517081e-01
9.290364099898517081e-01
9.290364099898517081e-01
9.291849211653177010e-01
9.291354174401623700e-01
1.000000000000000000e+00
