2.000000000000000111e-01
2.000000000000000111e-01
2.000000000000000111e-01
2.000000000000000111e-01
2.000000000000000111e-01
2.000000000000000111e-01
2.000000000000000111e-01
2.000000000000000111e-01
2.000000000000000111e-01
2.000000000000000111e-01
2.000000000000000111e-01
2.000000000000000111e-01
2.000000000000000111e-01
2.000000000000000111e-01
2.000000000000000111e-01
2.000000000000000389e-02
2.000000000000000389e-02
2.000000000000000389e-02
2.000000000000000389e-02
2.000000000000000389e-02
1.000000000000000000e+06
1.000000000000000000e+06
2.000000000000000389e-02
2.000000000000000389e-02
2.000000000000000389e-02
2.000000000000000389e-02
2.000000000000000389e-02
2.000000000000000389e-02
2.000000000000000389e-02
2.000000000000000389e-02
2.000000000000000389e-02
2.000000000000000389e-02
2.000000000000000389e-02
2.000000000000000389e-02
2.000000000000000389e-02
2.000000000000000389e-02
1.000000000000000000e+06
1.000000000000000000e+06
2.000000000000000389e-02
2.000000000000000389e-02
2.000000000000000389e-02
2.000000000000000389e-02
2.000000000000000389e-02
2.000000000000000389e-02
2.000000000000000389e-02
2.000000000000000389e-02
2.000000000000000389e-02
2.000000000000000389e-02
2.000000000000000389e-02
2.000000000000000389e-02
2.000000000000000389e-02
2.000000000000000389e-02
2.000000000000000389e-02
2.000000000000000389e-02
2.000000000000000389e-02
2.000000000000000389e-02
2.000000000000000389e-02
2.000000000000000389e-02
2.000000000000000389e-02
2.000000000000000389e-02
2.000000000000000389e-02
2.000000000000000389e-02
2.000000000000000389e-02
2.000000000000000389e-02
2.000000000000000389e-02
2.000000000000000389e-02
1.000000000000000000e+06
1.000000000000000000e+06
2.000000000000000389e-02
2.000000000000000389e-02
2.000000000000000389e-02
2.000000000000000389e-02
2.000000000000000389e-02
2.000000000000000389e-02
2.000000000000000389e-02
2.000000000000000389e-02
2.000000000000000389e-02
2.000000000000000389e-02
2.000000000000000389e-02
2.000000000000000389e-02
2.000000000000000389e-02
2.000000000000000389e-02
2.000000000000000389e-02
2.000000000000000389e-02
1.000000000000000000e+06
1.000000000000000000e+06
2.000000000000000389e-02
2.000000000000000389e-02
2.000000000000000389e-02
2.000000000000000389e-02
2.000000000000000389e-02
1.000000000000000000e+06
1.000000000000000000e+06
2.000000000000000389e-02
2.000000000000000389e-02
2.000000000000000389e-02
2.000000000000000389e-02
2.000000000000000389e-02
1.000000000000000000e+06
1.000000000000000000e+06
2.000000000000000389e-02
2.000000000000000389e-02
2.000000000000000389e-02
2.000000000000000389e-02
2.000000000000000389e-02
2.000000000000000389e-02
2.000000000000000389e-02
2.000000000000000389e-02
2.000000000000000389e-02
2.000000000000000389e-02
2.000000000000000389e-02
1.000000000000000000e+06
2.000000000000000389e-02
2.000000000000000389e-02
2.000000000000000389e-02
2.000000000000000389e-02
2.000000000000000389e-02
1.000000000000000000e+06
2.000000000000000389e-02
2.000000000000000389e-02
2.000000000000000389e-02
2.000000000000000389e-02
2.000000000000000111e-01
1.000000000000000000e+06
2.000000000000000389e-02
2.000000000000000389e-02
2.000000000000000389e-02
2.000000000000000389e-02
2.000000000000000389e-02
1.000000000000000444e+00
2.000000000000000389e-02
2.000000000000000389e-02
2.000000000000000389e-02
2.000000000000000389e-02
2.000000000000000389e-02
2.000000000000000111e-01
2.000000000000000111e-01
2.000000000000000389e-02
1.000000000000000000e+06
2.000000000000000389e-02
2.000000000000000389e-02
2.000000000000000389e-02
2.000000000000000389e-02
2.000000000000000389e-02
2.000000000000000389e-02
2.000000000000000111e-01
2.000000000000000111e-01
2.000000000000000111e-01
2.000000000000000111e-01
2.000000000000000111e-01
2.000000000000000111e-01
2.000000000000000111e-01
2.000000000000000111e-01
2.000000000000000111e-01
2.000000000000000111e-01
2.000000000000000111e-01
2.000000000000000389e-02
2.000000000000000389e-02
2.000000000000000389e-02
1.000000000000000444e+00
2.000000000000000389e-02
2.000000000000000389e-02
2.000000000000000389e-02
2.000000000000000389e-02
2.000000000000000389e-02
2.000000000000000389e-02
